16 49
10 36
34 44
20 17
36 27
36 46
3 6
3 42
49 16
19 27
8 1
6 7
28 38
47 42
27 29
46 43
30 8
31 15
3 1
34 41
31 20
37 34
27 43
26 28
11 47
5 19
1 25
20 31
6 18
24 36
26 8
1 31
9 36
22 40
8 10
26 37
5 4
1 21
35 1
35 15
31 38
40 3
21 46
21 46
6 36
31 15
24 6
8 32
18 36
20 23
41 36
39 44
9 26
48 46
41 29
37 33
33 8
31 6
6 15
8 12
3 42
28 27
48 38
12 16
26 34
41 17
22 30
14 31
8 12
30 1
41 17
34 26
25 17
35 32
34 43
44 38
35 24
17 33
14 29
1 41
13 42
8 35
19 32
36 49
35 30
16 19
8 41
38 43
25 23
37 20
13 24
44 30
10 11
10 11
2 25
6 12
13 30
37 34
15 23
5 1
22 14
44 12
7 20
35 46
40 48
21 36
47 43
44 1
14 33
33 1
26 2
3 24
37 5
20 22
4 12
23 25
49 2
1 17
5 15
3 38
18 20
40 47
25 40
31 30
15 29
30 2
34 2
26 40
14 1
15 17
7 23
17 6
28 18
26 35
36 29
25 6
1 15
3 26
5 34
7 22
13 39
42 5
40 8
6 8
25 16
33 42
22 13
48 49
29 23
5 33
38 11
9 46
45 18
18 11
8 47
13 2
2 5
13 36
26 47
30 1
12 43
1 11
42 33
16 25
11 25
21 8
46 41
19 6
38 34
8 42
40 20
6 31
2 37
32 15
32 36
28 25
19 12
27 35
39 40
12 10
48 8
4 20
16 42
4 26
37 46
47 42
23 4
44 8
21 27
44 49
4 13
14 31
48 3
23 12
16 21
21 20
43 39
16 1
46 13
43 48
20 19
3 15
27 26
44 21
26 48
36 42
31 36
45 4
48 11
27 19
33 23
11 48
23 27
1 19
42 45
20 12
16 25
29 45
1 23
18 29
23 4
21 4
40 19
10 38
32 40
10 16
13 21
14 36
7 42
12 27
6 30
4 36
25 6
9 43
35 33
47 9
28 10
28 3
11 42
41 11
10 48
5 24
28 11
5 32
47 32
40 9
26 28
42 25
37 31
33 45
27 25
35 6
28 48
11 12
22 18
29 44
34 29
26 25
38 4
3 32
30 42
13 47
9 49
44 36
24 29
44 5
29 47
26 40
11 48
46 35
18 25
12 6
29 17
38 11
11 4
10 20
5 4
8 29
33 5
34 14
2 13
6 15
11 16
16 14
6 12
49 24
37 13
33 19
32 23
30 43
29 41
13 34
47 23
16 31
28 2
47 32
15 4
48 29
20 14
43 26
28 44
3 16
7 38
35 41
13 17
36 43
10 1
29 8
24 45
41 3
37 15
42 35
44 15
1 37
41 30
31 46
46 40
36 33
45 13
20 24
21 45
22 12
2 37
37 45
25 34
10 26
23 3
6 5
2 4
47 38
37 31
38 40
3 23
10 24
20 32
38 20
6 40
9 45
37 34
29 49
13 3
3 19
10 7
24 7
45 13
40 34
3 43
19 6
16 29
32 38
13 20
10 19
11 19
15 48
6 46
48 21
49 3
40 11
10 16
21 7
30 11
41 35
6 13
42 22
42 26
12 8
47 22
27 10
8 2
41 8
23 42
4 25
32 25
33 14
36 26
49 45
39 43
17 34
20 32
44 17
4 21
27 48
18 37
48 23
1 13
39 7
39 23
32 24
37 21
16 42
32 35
28 2
17 22
21 24
24 13
39 25
24 39
3 41
35 44
14 20
18 3
41 20
42 9
14 24
46 44
28 16
16 1
40 12
3 14
27 42
41 2
32 44
30 37
37 15
31 4
37 1
7 28
23 1
39 38
27 36
32 7
4 1
8 46
15 11
10 42
6 4
46 38
25 37
44 8
43 31
9 1
12 32
4 3
22 32
41 7
39 45
8 48
41 23
11 4
10 14
7 10
42 34
49 38
42 43
20 3
46 34
37 10
34 29
17 24
24 27
24 18
2 37
22 20
5 32
36 14
44 28
49 45
19 41
38 39
47 36
25 35
39 12
47 23
43 17
49 20
44 25
38 47
13 12
19 20
46 5
34 42
35 33
37 4
27 26
45 24
14 20
11 3
35 10
29 30
27 28
2 24
4 42
23 19
4 42
39 2
49 23
44 34
9 32
41 36
10 38
12 24
9 25
30 46
35 9
28 15
39 31
41 45
23 14
14 30
8 5
32 7
31 29
43 40
11 34
28 23
23 42
49 34
17 29
32 4
40 12
21 32
43 12
27 19
26 44
1 34
49 33
43 32
12 37
22 25
23 2
44 48
34 13
29 18
20 22
31 41
4 26
4 33
47 32
27 48
19 29
32 14
11 46
3 36
24 29
38 22
27 35
22 14
32 20
26 15
14 32
42 18
15 39
2 45
38 23
24 22
38 37
20 41
23 44
20 14
49 41
14 49
47 48
22 23
14 36
7 8
6 23
47 8
18 37
34 44
11 22
31 32
15 7
28 36
21 47
36 22
39 2
21 38
12 14
31 21
22 39
44 22
48 14
11 32
10 23
6 44
7 21
1 35
9 24
33 45
46 24
49 17
15 26
16 46
48 41
36 44
15 36
11 26
20 23
1 28
17 8
49 20
46 9
44 29
6 40
5 6
10 19
8 25
46 26
23 46
17 11
42 32
49 5
11 21
29 12
49 48
23 1
12 13
4 5
26 16
24 36
41 22
13 16
20 30
28 15
15 29
20 26
1 49
38 2
48 13
3 17
32 17
32 34
39 14
4 16
3 47
40 16
14 13
48 44
28 13
23 48
41 24
45 32
17 30
14 38
40 6
4 46
24 7
44 16
25 8
29 26
2 7
39 25
8 33
2 8
15 31
8 12
13 27
42 15
30 9
5 20
15 10
17 39
19 11
5 47
21 37
44 14
47 2
12 14
33 22
27 49
49 21
14 30
30 20
2 45
32 21
36 1
34 44
31 23
30 27
38 31
32 37
33 44
2 19
19 31
2 32
4 5
32 36
26 21
40 13
15 40
18 48
14 49
25 4
32 7
43 15
4 47
34 23
28 4
43 33
37 44
20 43
1 2
30 27
23 20
12 11
38 28
12 14
32 44
23 28
11 27
25 48
2 46
40 11
35 43
13 15
22 39
37 13
29 49
26 20
28 38
34 12
34 7
40 45
37 16
43 39
22 46
35 15
37 27
26 24
20 41
39 43
30 26
8 12
26 34
32 6
24 18
18 8
27 9
5 14
27 49
4 1
47 41
16 36
19 42
11 39
32 16
29 42
30 7
26 14
13 2
34 33
12 11
44 18
28 21
19 34
22 16
25 40
4 44
34 15
34 20
38 49
11 20
8 39
34 23
44 18
31 1
26 9
24 45
43 49
13 19
39 20
15 24
37 1
46 7
22 34
6 33
4 14
24 40
39 20
8 46
27 41
49 5
1 23
3 46
22 16
17 14
38 33
40 26
34 36
33 6
22 40
41 26
6 18
18 46
38 28
44 17
19 45
23 20
18 26
19 43
44 36
9 33
19 49
11 6
37 44
12 9
36 6
37 45
24 5
43 14
33 37
34 2
34 7
25 2
35 44
47 31
32 6
16 2
7 27
8 44
3 8
28 42
5 4
47 48
21 32
37 5
37 21
14 12
24 49
8 23
32 40
32 49
44 39
26 4
34 48
27 39
9 7
32 14
14 29
13 37
42 1
24 8
7 25
23 41
17 5
40 12
45 17
16 31
17 45
20 26
5 2
43 19
34 8
1 34
8 16
34 17
43 8
15 1
24 12
18 43
43 37
38 16
16 45
18 9
16 4
17 24
4 29
26 7
14 36
25 48
5 18
8 16
29 26
17 3
38 37
48 34
24 39
34 20
49 1
27 18
27 33
48 4
41 14
40 16
12 46
35 23
12 16
1 31
21 41
18 20
25 42
9 27
35 45
48 36
46 27
5 24
10 5
30 1
19 20
18 33
18 5
8 32
23 9
13 44
1 31
16 28
26 25
6 11
21 4
47 19
31 4
45 43
9 25
45 30
48 15
14 18
22 24
1 45
34 14
39 37
46 6
15 22
33 21
35 6
27 32
28 10
37 25
4 48
31 1
16 47
19 38
21 22
33 7
37 24
44 35
32 10
9 18
33 44
24 11
28 4
23 17
30 27
18 33
28 49
36 46
46 7
34 17
30 19
25 17
46 19
4 30
31 13
48 15
9 25
28 37
31 1
7 11
31 25
44 11
24 32
8 20
40 44
39 20
16 14
39 12
36 43
44 19
8 43
36 17
20 14
6 1
18 13
15 49
38 11
10 14
44 20
15 26
6 31
42 45
45 28
38 39
34 36
15 6
3 21
10 21
37 25
22 25
36 34
40 30
5 26
16 20
2 22
3 45
17 48
25 7
39 25
7 24
14 22
30 17
46 40
40 33
17 12
10 4
46 2
36 3
31 5
25 33
29 28
30 49
26 8
